0: 50 50 25 25 50 50 12 12
True
1: 300 300 175 175 250 250 62 62
True
2: 150 150 2 2
False
3: 250 250 3 3
False
0: 102 105 201 202 198 195 49 48
False
1: 406 410 254 257 304 305 76 76
False
2: 120 101 0 0
False
3: 131 120 0 0
True
0: 88 75 247 242 318 335 79 83
True
1: 344 360 216 217 256 285 64 71
True
2: 85 71 0 0
False
3: 140 190 1 2
False
0: 109 111 226 235 235 249 58 62
False
1: 230 202 169 156 121 91 30 22
False
2: 229 203 4 4
False
3: 110 109 0 0
False
0: 209 100 219 151 21 102 5 25
False
1: 455 340 332 220 246 240 61 60
False
2: 303 333 2 4
False
3: 290 320 1 4
True
0: 102 105 278 222 353 235 88 58
True
1: 406 410 254 257 304 305 76 76
True
2: 120 101 0 0
False
3: 131 120 0 0
True
0: 88 75 247 242 318 335 79 83
True
1: 344 360 216 217 256 285 64 71
True
2: 85 71 0 0
False
3: 140 190 1 2
False
0: 109 111 226 235 235 249 58 62
False
1: 230 202 169 156 121 91 30 22
False
2: 229 203 4 4
False
3: 110 109 0 0
False
0: 209 100 219 151 21 102 5 25
False
1: 455 340 332 220 246 240 61 60
False
2: 303 333 2 4
False
3: 290 320 1 4
True
